[gd_scene load_steps=5 format=2]

[ext_resource path="res://Dice/Dice.tscn" type="PackedScene" id=1]

[sub_resource type="CubeMesh" id=1]

[sub_resource type="SpatialMaterial" id=2]
albedo_color = Color( 0.341176, 0.219608, 0.0666667, 1 )

[sub_resource type="BoxShape" id=3]

[node name="Board" type="Spatial"]

[node name="Wall1" type="MeshInstance" parent="."]
transform = Transform( 34.4599, 0, 0, 0, 1, 0, 0, 0, 34.4599, 0, 0, 0 )
mesh = SubResource( 1 )
material/0 = SubResource( 2 )

[node name="StaticBody" type="StaticBody" parent="Wall1"]

[node name="CollisionShape" type="CollisionShape" parent="Wall1/StaticBody"]
shape = SubResource( 3 )

[node name="Wall2" type="MeshInstance" parent="."]
transform = Transform( -5.61424e-06, -1, 0, 34.4599, -1.62921e-07, 0, 0, 0, 34.4599, -34.1039, 25.3595, 0 )
mesh = SubResource( 1 )
material/0 = SubResource( 2 )

[node name="StaticBody" type="StaticBody" parent="Wall2"]

[node name="CollisionShape" type="CollisionShape" parent="Wall2/StaticBody"]
shape = SubResource( 3 )

[node name="Wall5" type="MeshInstance" parent="."]
transform = Transform( -5.61424e-06, -1, 0, 34.4599, -1.62921e-07, 0, 0, 0, 34.4599, 34.9107, 25.3595, 0 )
mesh = SubResource( 1 )
material/0 = SubResource( 2 )

[node name="StaticBody" type="StaticBody" parent="Wall5"]

[node name="CollisionShape" type="CollisionShape" parent="Wall5/StaticBody"]
shape = SubResource( 3 )

[node name="Wall3" type="MeshInstance" parent="."]
transform = Transform( 9.14675e-13, 1.62921e-07, 34.4599, 34.4599, -1.62921e-07, 0, 5.61424e-06, 1, -5.61424e-06, -0.0138092, 25.3595, 33 )
mesh = SubResource( 1 )
material/0 = SubResource( 2 )

[node name="StaticBody" type="StaticBody" parent="Wall3"]

[node name="CollisionShape" type="CollisionShape" parent="Wall3/StaticBody"]
shape = SubResource( 3 )

[node name="Wall4" type="MeshInstance" parent="."]
transform = Transform( 9.14675e-13, 1.62921e-07, -34.4599, 34.4599, -1.62921e-07, 0, -5.61424e-06, -1, -5.61424e-06, 0.0346432, 25.3595, -33.3134 )
mesh = SubResource( 1 )
material/0 = SubResource( 2 )

[node name="StaticBody" type="StaticBody" parent="Wall4"]

[node name="CollisionShape" type="CollisionShape" parent="Wall4/StaticBody"]
shape = SubResource( 3 )

[node name="Dice" parent="." instance=ExtResource( 1 )]
transform = Transform( 0.306493, 0, -0.951873, 0, 1, 0, 0.951873, 0, 0.306493, 30.2623, 16.8036, 1.03098 )

[node name="Dice2" parent="." instance=ExtResource( 1 )]
transform = Transform( 0.306493, 0, -0.951873, 0, 1, 0, 0.951873, 0, 0.306493, 30.232, 9.97915, 1.07401 )

[node name="Dice3" parent="." instance=ExtResource( 1 )]
transform = Transform( 0.306493, 0, -0.951873, 0, 1, 0, 0.951873, 0, 0.306493, 31.0011, 13.5544, -0.377736 )

[node name="Dice4" parent="." instance=ExtResource( 1 )]
transform = Transform( 0.306493, 0, -0.951873, 0, 1, 0, 0.951873, 0, 0.306493, 29.3726, 16.8036, -1.73205 )

[node name="Dice5" parent="." instance=ExtResource( 1 )]
transform = Transform( 0.306493, 0, -0.951873, 0.688918, 0.690062, 0.221824, 0.656851, -0.72375, 0.211499, 29.3726, 6.3274, -1.73205 )

[node name="Dice6" parent="." instance=ExtResource( 1 )]
transform = Transform( -0.440676, 0, -0.897666, 0, 1, 0, 0.897666, 0, -0.440676, 29.3726, 16.8036, 5.66199 )

[node name="Camera" type="Camera" parent="."]
transform = Transform( -1.62921e-07, -0.984808, 0.173648, 0, 0.173648, 0.984808, -1, 1.60446e-07, -2.82909e-08, 0, 70.767, 0 )
fov = 33.1

[node name="DirectionalLight" type="DirectionalLight" parent="."]
transform = Transform( -0.107766, -0.417471, 0.902278, -0.0495098, 0.90869, 0.414524, -0.992943, 0, -0.118595, 63.5152, 50.6712, -0.000640869 )
